## ESP ELLPRO V1.1 OUTPUT FILE
##
## Filename: 
/home/katie/Documents/Astronomy/Data/katiestack/ngc1275_vband_mosaic_draco2_Jan2024.fits
## Sigma (counts): 
24.8
## Pixel size (arc secs): 
1
## X/Y co-ordinates (Base):
553.8345 415.462
## X/Y co-ordinates (SKY):
3:19:48.1 41:30:42
## Background (counts): 
917.2
## Zero point of magnitude:
25.3
## Number of points:
29
## Ellipse Parameters:
!! X       Y     Points   MeanRad    Count     PA    1/Ellipt     Dev  PPU    Statistic                                 
 553.8   415.5     48       4.00       376.7    67.5   0.850       4.8  100.      1293.9                                
 553.8   415.5     20       0.50      1831.8    75.3   0.348      16.5  100.      2749.0                                
 553.8   415.5     20       0.61      1778.1    74.7   0.987      20.2  100.      2695.3                                
 553.8   415.5     20       0.73      1714.0    73.5   0.987      21.5  100.      2631.2                                
 553.8   415.5     20       0.84      1649.3    79.2   0.974      24.5  100.      2566.5                                
 553.8   415.5     20       0.95      1566.5    70.2   0.987      26.9  100.      2483.7                                
 553.8   415.5     20       1.06      1535.1    67.5   0.850      30.3  100.      2452.3                                
 553.8   415.5     20       1.29      1378.8    67.5   0.850      30.1  100.      2296.0                                
 553.8   415.5     20       1.51      1227.8    67.5   0.850      28.2  100.      2145.0                                
 553.8   415.5     20       1.74      1082.4    67.5   0.850      25.4  100.      1999.6                                
 553.8   415.5     20       1.96       957.7    67.5   0.850      22.8  100.      1874.9                                
 553.8   415.5     24       2.19       848.0    67.5   0.850      18.8  100.      1765.2                                
 553.8   415.5     28       2.64       671.3    67.5   0.850      12.4  100.      1588.5                                
 553.8   415.5     36       3.09       536.2    67.5   0.850       7.5  100.      1453.4                                
 553.8   415.5     40       3.54       446.7    67.5   0.850       5.7  100.      1363.9                                
 553.8   415.5     48       3.99       378.3    67.5   0.850       4.8  100.      1295.5                                
 553.8   415.5     52       4.44       331.9    67.5   0.850       4.9  100.      1249.1                                
 553.8   415.5     56       4.89       296.6    67.5   0.850       5.0  100.      1213.8                                
 553.8   415.5     64       5.34       268.2    67.5   0.850       5.9  100.      1185.4                                
 553.8   415.5     68       5.79       248.4    67.5   0.850       6.7  100.      1165.6                                
 553.8   415.5     76       6.24       230.1    67.5   0.850       7.0  100.      1147.3                                
 553.8   415.5     80       6.69       211.6    67.5   0.850       7.8  100.      1128.8                                
 553.8   415.5     84       7.14       197.4    67.5   0.850       8.7  100.      1114.6                                
 553.8   415.5     92       7.59       187.2    67.5   0.850       9.0  100.      1104.4                                
 553.8   415.5     96       8.04       175.9    67.5   0.850       8.7  100.      1093.1                                
 553.8   415.5    104       8.49       159.8    67.5   0.850       7.6  100.      1077.0                                
 553.8   415.5    108       8.94       144.6    67.5   0.850       6.2  100.      1061.8                                
 553.8   415.5    112       9.39       131.4    67.5   0.850       4.9  100.      1048.6                                
 553.8   415.5    120       9.84       118.8    67.5   0.850       3.7  100.      1036.0                                
## Fourier Descriptors:
!! MeanRad  1xSin   1xCos   2xSin   2xCos   3xSin   3xCos   4xSin   4xCos                                               
     4.00   -0.001  -0.082  -0.028  -0.056  -0.056   0.016  -0.002  -0.004
     0.50    0.017  -0.033  -0.002  -0.043  -0.006  -0.011  -0.001   0.004
     0.61    0.031  -0.052   0.001  -0.034  -0.007  -0.011  -0.008  -0.002
     0.73    0.018  -0.068   0.012  -0.024  -0.008  -0.011  -0.011  -0.003
     0.84    0.015  -0.082   0.026  -0.007  -0.008  -0.014  -0.008  -0.009
     0.95   -0.010  -0.095   0.032  -0.012  -0.013  -0.000  -0.012  -0.004
     1.06   -0.015  -0.101   0.032  -0.053  -0.010   0.005  -0.018   0.004
     1.29   -0.024  -0.107   0.041  -0.062  -0.006   0.011  -0.017   0.004
     1.51   -0.028  -0.105   0.054  -0.069  -0.002   0.014  -0.015   0.006
     1.74   -0.025  -0.100   0.066  -0.073  -0.007   0.014  -0.015   0.006
     1.96   -0.019  -0.095   0.063  -0.089  -0.017   0.011  -0.010   0.010
     2.19   -0.022  -0.090   0.058  -0.097  -0.036  -0.003  -0.005   0.017
     2.64   -0.034  -0.062   0.058  -0.078  -0.046  -0.015  -0.019   0.023
     3.09   -0.027  -0.047   0.042  -0.061  -0.051  -0.020  -0.035   0.021
     3.54   -0.017  -0.067   0.003  -0.060  -0.058  -0.005  -0.005   0.011
     3.99   -0.001  -0.081  -0.027  -0.056  -0.055   0.016  -0.002  -0.004
     4.44    0.001  -0.105  -0.044  -0.044  -0.066   0.017  -0.000  -0.021
     4.89   -0.019  -0.127  -0.022  -0.034  -0.069   0.041  -0.003  -0.039
     5.34   -0.057  -0.171   0.033  -0.024  -0.086   0.076  -0.008  -0.055
     5.79   -0.078  -0.208   0.085  -0.018  -0.093   0.100  -0.017  -0.069
     6.24   -0.087  -0.224   0.131  -0.026  -0.089   0.121  -0.052  -0.093
     6.69   -0.111  -0.234   0.170  -0.058  -0.074   0.161  -0.088  -0.123
     7.14   -0.153  -0.255   0.205  -0.101  -0.050   0.203  -0.121  -0.152
     7.59   -0.206  -0.286   0.233  -0.155  -0.008   0.222  -0.143  -0.162
     8.04   -0.226  -0.299   0.248  -0.120  -0.014   0.228  -0.183  -0.173
     8.49   -0.250  -0.291   0.253  -0.091  -0.028   0.219  -0.200  -0.142
     8.94   -0.242  -0.285   0.242  -0.091  -0.035   0.203  -0.165  -0.115
     9.39   -0.180  -0.272   0.221  -0.068  -0.049   0.181  -0.123  -0.096
     9.84   -0.137  -0.247   0.186  -0.062  -0.051   0.155  -0.099  -0.059
!! NOTE: Radii values are stored on file as semi-major axis length                                                      
!!       measured in pixels but on screen as equivalent radii in arc secs.                                              
!! NOTE: Position angles are stored on file with origin upward and clockwise rotation positive.                         
## END                                                                                                                  
