## ESP ELLPRO V1.1 OUTPUT FILE
##
## Filename: 
/home/katie/Documents/Astronomy/Data/katiestack/ngc205_r_mosaic.fits
## Sigma (counts): 
23.7
## Pixel size (arc secs): 
1
## X/Y co-ordinates (Base):
752.8641 613.2423
## X/Y co-ordinates (SKY):
8:28:39.9 73:44:53
## Background (counts): 
1570.1
## Zero point of magnitude:
26.0
## Number of points:
32
## Ellipse Parameters:
!! X       Y     Points   MeanRad    Count     PA    1/Ellipt     Dev  PPU    Statistic                                 
 752.9   613.2     48       4.00       172.7   -22.5   0.808       2.7  100.      1742.8                                
 752.9   613.2     20       0.50       497.4   -15.3   0.760       3.1  100.      2067.5                                
 752.9   613.2     20       0.73       479.2   -17.2   0.671       3.0  100.      2049.3                                
 752.9   613.2     20       0.95       452.8   -23.6   0.740       3.5  100.      2022.9                                
 752.9   613.2     20       1.18       422.4   -22.5   0.808       3.9  100.      1992.5                                
 752.9   613.2     20       1.62       365.4   -22.5   0.808       4.9  100.      1935.5                                
 752.9   613.2     24       2.08       309.2   -22.5   0.808       5.2  100.      1879.3                                
 752.9   613.2     32       2.97       221.8   -22.5   0.808       4.9  100.      1791.9                                
 752.9   613.2     44       3.88       176.5   -22.5   0.808       3.1  100.      1746.6                                
 752.9   613.2     56       4.78       151.1   -22.5   0.808       2.3  100.      1721.2                                
 752.9   613.2     68       5.68       132.1   -22.5   0.808       2.2  100.      1702.2                                
 752.9   613.2     80       6.58       118.3   -22.5   0.808       1.8  100.      1688.4                                
 752.9   613.2     88       7.48       115.8   -22.5   0.808       2.1  100.      1685.9                                
 752.9   613.2    100       8.38       116.6   -22.5   0.808       1.5  100.      1686.7                                
 752.9   613.2    112       9.27       113.9   -22.5   0.808       1.6  100.      1684.0                                
 752.9   613.2    124      10.17       112.4   -22.5   0.808       1.7  100.      1682.5                                
 752.9   613.2    140      11.52       111.9   -22.5   0.808       1.9  100.      1682.0                                
 752.9   613.2    156      12.88       103.0   -22.5   0.808       1.8  100.      1673.1                                
 752.9   613.2    176      14.23        94.3   -22.5   0.808       1.5  100.      1664.4                                
 752.9   613.2    192      15.58        90.7   -22.5   0.808       1.5  100.      1660.8                                
 752.9   613.2    208      16.93        86.4   -22.5   0.808       1.3  100.      1656.5                                
 752.9   613.2    224      18.28        84.5   -22.5   0.808       1.2  100.      1654.6                                
 752.9   613.2    244      19.63        76.9   -22.5   0.808       1.3  100.      1647.0                                
 752.9   613.2    260      20.98        75.9   -22.5   0.808       2.0  100.      1646.0                                
 752.9   613.2    284      22.78        65.5   -22.5   0.808       1.1  100.      1635.6                                
 752.9   613.2    304      24.58        57.1   -22.5   0.808       1.1  100.      1627.2                                
 752.9   613.2    328      26.38        52.6   -22.5   0.808       1.2  100.      1622.7                                
 752.9   613.2    352      28.17        47.3   -22.5   0.808       0.9  100.      1617.4                                
 752.9   613.2    372      29.97        40.9   -22.5   0.808       1.0  100.      1611.0                                
 752.9   613.2    396      31.77        36.8   -22.5   0.808       0.9  100.      1606.9                                
 752.9   613.2    424      34.02        30.3   -22.5   0.808       0.8  100.      1600.4                                
 752.9   613.2    452      36.27        23.5   -22.5   0.808       0.8  100.      1593.6                                
## Fourier Descriptors:
!! MeanRad  1xSin   1xCos   2xSin   2xCos   3xSin   3xCos   4xSin   4xCos                                               
     4.00    0.055  -0.009   0.049  -0.083  -0.021   0.070   0.043   0.022
     0.50    0.032  -0.017   0.007   0.003   0.008   0.000  -0.001  -0.001
     0.73    0.034  -0.000   0.012  -0.007   0.003   0.001   0.004   0.000
     0.95    0.037   0.013   0.017  -0.011  -0.007  -0.007   0.002  -0.002
     1.18    0.042   0.021   0.014  -0.013  -0.017  -0.013  -0.002  -0.001
     1.62    0.063   0.004   0.023  -0.037  -0.022  -0.014  -0.007   0.001
     2.08    0.078  -0.023   0.046  -0.058  -0.016  -0.004  -0.005  -0.001
     2.97    0.039  -0.036   0.084  -0.117  -0.015   0.015   0.051  -0.015
     3.88    0.055  -0.013   0.052  -0.097  -0.018   0.069   0.055   0.017
     4.78    0.064   0.004   0.045  -0.032  -0.018   0.034  -0.005   0.044
     5.68   -0.012   0.011   0.081  -0.044  -0.047   0.013  -0.001   0.042
     6.58   -0.039  -0.038   0.092  -0.052  -0.022  -0.025   0.004  -0.011
     7.48   -0.013  -0.081   0.073  -0.002   0.014  -0.023   0.029  -0.066
     8.38   -0.029  -0.049   0.056   0.038   0.052  -0.012   0.042   0.001
     9.27    0.025  -0.142   0.015   0.025   0.079  -0.090   0.021  -0.035
    10.17   -0.068  -0.166  -0.030   0.017   0.020  -0.057   0.006  -0.053
    11.52   -0.082  -0.081  -0.123   0.101  -0.086   0.025  -0.026  -0.092
    12.88   -0.108  -0.072  -0.169   0.066  -0.128  -0.016  -0.055  -0.068
    14.23   -0.030  -0.048  -0.126   0.020  -0.165   0.055   0.025  -0.018
    15.58    0.012  -0.130  -0.063  -0.096  -0.141  -0.002   0.064  -0.021
    16.93    0.001  -0.110   0.036  -0.064  -0.133  -0.077   0.042  -0.018
    18.28   -0.007  -0.104   0.133  -0.014  -0.077   0.001   0.034  -0.072
    19.63    0.055  -0.137   0.192  -0.008   0.010  -0.113   0.049  -0.077
    20.98    0.037  -0.146   0.136   0.077   0.118  -0.041   0.046  -0.085
    22.78   -0.033   0.007   0.142   0.062   0.065  -0.037   0.131  -0.152
    24.58   -0.117   0.119   0.196   0.037   0.020   0.037   0.053  -0.038
    26.38   -0.096   0.059   0.197  -0.144   0.044   0.035  -0.035  -0.008
    28.17   -0.150   0.105   0.203  -0.162  -0.025   0.017   0.148   0.043
    29.97   -0.181   0.047   0.284  -0.089   0.078  -0.027   0.108  -0.062
    31.77    0.047   0.120   0.365  -0.058   0.130  -0.201   0.124  -0.003
    34.02   -0.017   0.171   0.210  -0.116   0.108  -0.052  -0.033   0.130
    36.27    0.075   0.026   0.295  -0.319   0.262  -0.227   0.065   0.034
!! NOTE: Radii values are stored on file as semi-major axis length                                                      
!!       measured in pixels but on screen as equivalent radii in arc secs.                                              
!! NOTE: Position angles are stored on file with origin upward and clockwise rotation positive.                         
## END                                                                                                                  
