## ESP ELLPRO V1.1 OUTPUT FILE
##
## Filename: 
/home/katie/Documents/Astronomy/Data/katiestack/ngc7331_vband_mosaic_draco2_Feb2024.fits
## Sigma (counts): 
31.2
## Pixel size (arc secs): 
1
## X/Y co-ordinates (Base):
553.2216 410.4126
## X/Y co-ordinates (SKY):
-1:22:55.8 34:24:56
## Background (counts): 
2581.2
## Zero point of magnitude:
25.0
## Number of points:
25
## Ellipse Parameters:
!! X       Y     Points   MeanRad    Count     PA    1/Ellipt     Dev  PPU    Statistic                                 
 553.2   410.4     60       4.95      1202.5    45.0   0.714      49.2  100.      3783.7                                
 553.2   410.4     20       0.50      1710.4    47.4   0.212       6.2  100.      4291.6                                
 553.2   410.4     20       0.75      1700.7    45.4   0.212       9.2  100.      4281.9                                
 553.2   410.4     20       1.00      1709.2    45.0   0.714      36.6  100.      4290.4                                
 553.2   410.4     20       1.25      1708.1    45.0   0.714      43.7  100.      4289.3                                
 553.2   410.4     20       1.75      1687.5    45.0   0.714      58.0  100.      4268.7                                
 553.2   410.4     24       2.25      1621.7    45.0   0.714      64.3  100.      4202.9                                
 553.2   410.4     36       3.25      1483.9    45.0   0.714      65.7  100.      4065.1                                
 553.2   410.4     48       4.25      1320.3    45.0   0.714      58.0  100.      3901.5                                
 553.2   410.4     60       5.25      1148.5    45.0   0.714      46.9  100.      3729.7                                
 553.2   410.4     76       6.25       995.2    45.0   0.714      33.2  100.      3576.4                                
 553.2   410.4     88       7.25       862.5    45.0   0.714      25.1  100.      3443.7                                
 553.2   410.4    100       8.25       748.0    45.0   0.714      18.6  100.      3329.2                                
 553.2   410.4    112       9.25       654.8    45.0   0.714      14.3  100.      3236.0                                
 553.2   410.4    124      10.25       576.6    45.0   0.714      11.0  100.      3157.8                                
 553.2   410.4    144      11.75       489.1    45.0   0.714       8.7  100.      3070.3                                
 553.2   410.4    164      13.25       418.0    45.0   0.714       8.5  100.      2999.2                                
 553.2   410.4    180      14.75       362.3    45.0   0.714       8.3  100.      2943.5                                
 553.2   410.4    200      16.25       313.9    45.0   0.714       7.7  100.      2895.1                                
 553.2   410.4    220      17.75       270.2    45.0   0.714       7.4  100.      2851.4                                
 553.2   410.4    236      19.25       240.8    45.0   0.714       6.9  100.      2822.0                                
 553.2   410.4    256      20.75       210.9    45.0   0.714       6.6  100.      2792.1                                
 553.2   410.4    280      22.75       180.4    45.0   0.714       5.9  100.      2761.6                                
 553.2   410.4    308      24.75       156.7    45.0   0.714       5.2  100.      2737.9                                
 553.2   410.4    332      26.75       140.3    45.0   0.714       4.7  100.      2721.5                                
## Fourier Descriptors:
!! MeanRad  1xSin   1xCos   2xSin   2xCos   3xSin   3xCos   4xSin   4xCos                                               
     4.95   -0.390   0.020   0.045  -0.190   0.076  -0.023   0.009   0.033
     0.50   -0.021  -0.002   0.000  -0.007   0.000  -0.000  -0.000   0.000
     0.75   -0.032  -0.001  -0.001  -0.012   0.001  -0.003  -0.001   0.001
     1.00   -0.130  -0.004  -0.008  -0.023   0.001  -0.002  -0.001  -0.001
     1.25   -0.155  -0.001  -0.008  -0.027   0.002   0.004  -0.001  -0.002
     1.75   -0.206   0.021  -0.014  -0.045   0.006   0.015  -0.005  -0.006
     2.25   -0.256   0.032  -0.011  -0.079   0.013   0.012  -0.003  -0.004
     3.25   -0.349   0.030  -0.009  -0.118   0.029   0.006  -0.004   0.031
     4.25   -0.383   0.025   0.032  -0.171   0.067  -0.021   0.007   0.026
     5.25   -0.387   0.018   0.049  -0.194   0.076  -0.019   0.009   0.035
     6.25   -0.348  -0.001   0.059  -0.189   0.075   0.004   0.003   0.033
     7.25   -0.324   0.003   0.076  -0.172   0.069   0.009   0.001   0.030
     8.25   -0.274  -0.008   0.117  -0.135   0.058   0.013   0.013   0.035
     9.25   -0.227  -0.034   0.161  -0.112   0.050   0.051   0.006   0.043
    10.25   -0.144  -0.051   0.215  -0.079   0.031   0.062   0.008   0.017
    11.75   -0.061  -0.037   0.198  -0.020   0.003   0.078  -0.004  -0.014
    13.25   -0.024  -0.085   0.340  -0.004  -0.023   0.062   0.003  -0.030
    14.75    0.030  -0.095   0.401   0.026  -0.018   0.052   0.014  -0.033
    16.25    0.069  -0.135   0.435   0.041  -0.051   0.040   0.020  -0.033
    17.75    0.104  -0.153   0.504   0.054  -0.070   0.033   0.038  -0.050
    19.25    0.153  -0.175   0.535   0.078  -0.079   0.039   0.035  -0.086
    20.75    0.182  -0.210   0.606   0.095  -0.100  -0.002   0.057  -0.110
    22.75    0.194  -0.278   0.615   0.081  -0.123  -0.056   0.087  -0.206
    24.75    0.246  -0.245   0.654   0.108  -0.103  -0.119   0.095  -0.233
    26.75    0.254  -0.239   0.666   0.127  -0.144  -0.112   0.120  -0.264
!! NOTE: Radii values are stored on file as semi-major axis length                                                      
!!       measured in pixels but on screen as equivalent radii in arc secs.                                              
!! NOTE: Position angles are stored on file with origin upward and clockwise rotation positive.                         
## END                                                                                                                  
