## ESP ELLPRO V1.1 OUTPUT FILE
##
## Filename: 
/home/katie/Documents/Astronomy/Data/katiestack/m94_vband_mosaic_W14_Feb2024.fits
## Sigma (counts): 
24.6
## Pixel size (arc secs): 
1
## X/Y co-ordinates (Base):
578.3638 412.2343
## X/Y co-ordinates (SKY):
-11:09:06.8 41:07:12
## Background (counts): 
771.8
## Zero point of magnitude:
24.6
## Number of points:
21
## Ellipse Parameters:
!! X       Y     Points   MeanRad    Count     PA    1/Ellipt     Dev  PPU    Statistic                                 
 578.4   412.2     68       5.66      2194.5    45.0   0.750      74.0  100.      2966.3                                
 578.4   412.2     20       0.50      3593.9    29.8   0.248      28.5  100.      4365.7                                
 578.4   412.2     20       0.89      3562.0    29.8   0.248      55.4  100.      4333.8                                
 578.4   412.2     20       1.27      3486.4    45.0   0.750      84.4  100.      4258.2                                
 578.4   412.2     20       2.05      3350.0    45.0   0.750     123.3  100.      4121.8                                
 578.4   412.2     40       3.60      2874.0    45.0   0.750     105.6  100.      3645.8                                
 578.4   412.2     60       5.15      2358.2    45.0   0.750      81.7  100.      3130.0                                
 578.4   412.2     80       6.70      1914.2    45.0   0.750      62.3  100.      2686.0                                
 578.4   412.2    100       8.25      1551.3    45.0   0.750      46.7  100.      2323.1                                
 578.4   412.2    120       9.80      1270.2    45.0   0.750      35.1  100.      2042.0                                
 578.4   412.2    140      11.35      1048.1    45.0   0.750      26.3  100.      1819.9                                
 578.4   412.2    168      13.68       813.3    45.0   0.750      18.2  100.      1585.1                                
 578.4   412.2    196      16.00       647.9    45.0   0.750      13.2  100.      1419.7                                
 578.4   412.2    228      18.33       521.0    45.0   0.750       9.1  100.      1292.8                                
 578.4   412.2    256      20.65       426.5    45.0   0.750       6.6  100.      1198.3                                
 578.4   412.2    296      23.75       342.4    45.0   0.750       4.3  100.      1114.2                                
 578.4   412.2    332      26.85       271.4    45.0   0.750       2.9  100.      1043.2                                
 578.4   412.2    372      29.95       228.2    45.0   0.750       1.9  100.      1000.0                                
 578.4   412.2    412      33.05       203.6    45.0   0.750       1.5  100.       975.4                                
 578.4   412.2    460      36.93       178.4    45.0   0.750       1.2  100.       950.2                                
 578.4   412.2    492      40.80       158.8    45.0   0.750       1.0  100.       930.6                                
## Fourier Descriptors:
!! MeanRad  1xSin   1xCos   2xSin   2xCos   3xSin   3xCos   4xSin   4xCos                                               
     5.66    0.073   0.363   0.000  -0.113  -0.018  -0.053  -0.002  -0.004
     0.50    0.008   0.048   0.001  -0.005  -0.001   0.002   0.000  -0.000
     0.89    0.012   0.094   0.002  -0.012  -0.001   0.003  -0.001   0.001
     1.27    0.021   0.147   0.004  -0.010  -0.004  -0.002   0.000   0.002
     2.05    0.029   0.225  -0.000  -0.015  -0.003  -0.006   0.000   0.002
     3.60    0.058   0.314   0.013  -0.052  -0.006  -0.021  -0.007  -0.002
     5.15    0.074   0.353   0.003  -0.096  -0.011  -0.046  -0.010   0.000
     6.70    0.063   0.374  -0.007  -0.137  -0.014  -0.067   0.006  -0.008
     8.25    0.062   0.375  -0.013  -0.167  -0.021  -0.080   0.007   0.002
     9.80    0.039   0.352  -0.018  -0.188  -0.028  -0.090   0.022   0.003
    11.35    0.020   0.334  -0.040  -0.208  -0.033  -0.094   0.020   0.006
    13.68    0.023   0.309  -0.047  -0.226  -0.025  -0.109   0.039   0.021
    16.00    0.048   0.298  -0.037  -0.232  -0.014  -0.098   0.031   0.020
    18.33    0.112   0.259   0.004  -0.219  -0.012  -0.076   0.022   0.017
    20.65    0.151   0.204   0.041  -0.216  -0.043  -0.048  -0.007   0.042
    23.75    0.099   0.099   0.023  -0.209  -0.047  -0.038  -0.024   0.017
    26.85    0.057   0.048  -0.018  -0.229  -0.044  -0.067   0.007   0.008
    29.95   -0.003   0.027  -0.040  -0.200  -0.006  -0.028   0.034   0.027
    33.05   -0.039   0.016  -0.024  -0.175   0.039  -0.029   0.013   0.007
    36.93   -0.026   0.033   0.004  -0.152   0.041  -0.019  -0.023   0.005
    40.80    0.033   0.051   0.005  -0.129   0.032  -0.021  -0.054  -0.005
!! NOTE: Radii values are stored on file as semi-major axis length                                                      
!!       measured in pixels but on screen as equivalent radii in arc secs.                                              
!! NOTE: Position angles are stored on file with origin upward and clockwise rotation positive.                         
## END                                                                                                                  
