## ESP ELLPRO V1.1 OUTPUT FILE
##
## Filename: 
/home/katie/Documents/Astronomy/Data/katiestack/ngc1573_v_mosaic_EOPflat.fits
## Sigma (counts): 
16.5
## Pixel size (arc secs): 
1
## X/Y co-ordinates (Base):
594.678 468.2463
## X/Y co-ordinates (SKY):
4:35:04.0 73:15:45
## Background (counts): 
1692.4
## Zero point of magnitude:
25.7
## Number of points:
23
## Ellipse Parameters:
!! X       Y     Points   MeanRad    Count     PA    1/Ellipt     Dev  PPU    Statistic                                 
 594.7   468.2     60       5.00       282.4    22.5   0.849       4.4  100.      1974.8                                
 594.7   468.2     20       0.50       501.8    19.4   0.979       4.2  100.      2194.2                                
 594.7   468.2     20       0.68       499.3    27.8   0.987       5.5  100.      2191.7                                
 594.7   468.2     20       0.85       495.8    23.8   0.987       6.6  100.      2188.2                                
 594.7   468.2     20       1.02       493.6    22.5   0.849       7.5  100.      2186.0                                
 594.7   468.2     20       1.38       482.4    22.5   0.849       8.8  100.      2174.8                                
 594.7   468.2     20       1.73       467.2    22.5   0.849      10.1  100.      2159.6                                
 594.7   468.2     24       2.08       448.5    22.5   0.849       9.6  100.      2140.9                                
 594.7   468.2     32       2.78       412.7    22.5   0.849       8.4  100.      2105.1                                
 594.7   468.2     40       3.48       373.7    22.5   0.849       7.3  100.      2066.1                                
 594.7   468.2     48       4.18       328.5    22.5   0.849       6.3  100.      2020.9                                
 594.7   468.2     56       4.88       288.6    22.5   0.849       4.8  100.      1981.0                                
 594.7   468.2     68       5.57       257.8    22.5   0.849       3.7  100.      1950.2                                
 594.7   468.2     76       6.27       227.6    22.5   0.849       3.6  100.      1920.0                                
 594.7   468.2     84       6.97       198.9    22.5   0.849       3.1  100.      1891.3                                
 594.7   468.2     92       7.67       177.1    22.5   0.849       2.6  100.      1869.5                                
 594.7   468.2    100       8.37       158.9    22.5   0.849       2.4  100.      1851.3                                
 594.7   468.2    112       9.07       144.1    22.5   0.849       2.3  100.      1836.5                                
 594.7   468.2    120       9.77       127.7    22.5   0.849       2.1  100.      1820.1                                
 594.7   468.2    128      10.47       116.6    22.5   0.849       2.0  100.      1809.0                                
 594.7   468.2    140      11.52       101.5    22.5   0.849       1.7  100.      1793.9                                
 594.7   468.2    156      12.57        89.8    22.5   0.849       1.6  100.      1782.2                                
 594.7   468.2    168      13.62        81.4    22.5   0.849       1.4  100.      1773.8                                
## Fourier Descriptors:
!! MeanRad  1xSin   1xCos   2xSin   2xCos   3xSin   3xCos   4xSin   4xCos                                               
     5.00   -0.016   0.153  -0.000  -0.056  -0.017  -0.009   0.003   0.006
     0.50    0.013   0.050  -0.001   0.004   0.001   0.003   0.001  -0.000
     0.68    0.002   0.067  -0.005   0.007  -0.000   0.004   0.000  -0.000
     0.85    0.006   0.080  -0.006   0.011   0.002   0.003   0.001  -0.001
     1.02    0.009   0.092  -0.004   0.008   0.004   0.001   0.002  -0.001
     1.38    0.013   0.111   0.000   0.008   0.003  -0.001  -0.002  -0.004
     1.73    0.008   0.132   0.006   0.010  -0.004  -0.000  -0.006  -0.006
     2.08   -0.003   0.144   0.007   0.004  -0.008   0.001  -0.006  -0.005
     2.78   -0.020   0.156  -0.004  -0.016  -0.002   0.008  -0.013   0.003
     3.48   -0.004   0.165   0.002  -0.041   0.014   0.007  -0.015  -0.002
     4.18   -0.004   0.175   0.021  -0.051  -0.003  -0.009   0.000  -0.007
     4.88   -0.017   0.158   0.006  -0.054  -0.017  -0.010   0.003   0.005
     5.57   -0.003   0.143  -0.009  -0.077  -0.013  -0.013  -0.000   0.008
     6.27   -0.002   0.150  -0.016  -0.110  -0.004  -0.022  -0.004   0.014
     6.97   -0.016   0.132  -0.029  -0.136  -0.013  -0.025   0.006   0.009
     7.67   -0.031   0.113  -0.025  -0.132  -0.028  -0.011   0.015   0.007
     8.37   -0.027   0.128  -0.027  -0.139  -0.024  -0.036   0.006   0.010
     9.07    0.007   0.146  -0.052  -0.153  -0.036  -0.049  -0.007  -0.007
     9.77    0.043   0.107  -0.089  -0.181  -0.045  -0.031   0.005  -0.007
    10.47    0.051   0.084  -0.113  -0.193  -0.041   0.013   0.021  -0.023
    11.52    0.002   0.073  -0.149  -0.189  -0.027  -0.004  -0.003  -0.011
    12.57   -0.019   0.087  -0.138  -0.223  -0.013  -0.008   0.004  -0.007
    13.62    0.023   0.021  -0.126  -0.234  -0.021   0.013   0.005   0.015
!! NOTE: Radii values are stored on file as semi-major axis length                                                      
!!       measured in pixels but on screen as equivalent radii in arc secs.                                              
!! NOTE: Position angles are stored on file with origin upward and clockwise rotation positive.                         
## END                                                                                                                  
