## ESP ELLPRO V1.1 OUTPUT FILE
##
## Filename: 
/home/katie/Documents/Astronomy/Data/katiestack/ngc3379_vband_mosaic_E16_Feb2024.fits
## Sigma (counts): 
55.4
## Pixel size (arc secs): 
1
## X/Y co-ordinates (Base):
758.6334 601.7208
## X/Y co-ordinates (SKY):
10:47:49.6 12:34:54
## Background (counts): 
4183.6
## Zero point of magnitude:
25.7
## Number of points:
17
## Ellipse Parameters:
!! X       Y     Points   MeanRad    Count     PA    1/Ellipt     Dev  PPU    Statistic                                 
 758.6   601.7     68       5.66      2337.4    75.1   0.928      25.0  100.      6521.0                                
 758.6   601.7     20       0.50      4388.4    63.0   0.575      15.1  100.      8572.0                                
 758.6   601.7     20       0.75      4374.2    68.7   0.443      15.1  100.      8557.8                                
 758.6   601.7     20       1.00      4338.6    69.6   0.496      16.4  100.      8522.2                                
 758.6   601.7     20       1.25      4298.0    74.9   0.511      18.4  100.      8481.6                                
 758.6   601.7     20       1.75      4162.7    61.3   0.725      30.4  100.      8346.3                                
 758.6   601.7     24       2.25      4031.5    68.5   0.693      34.5  100.      8215.1                                
 758.6   601.7     36       3.25      3611.8    75.3   0.732      36.9  100.      7795.4                                
 758.6   601.7     48       4.25      2936.5    63.7   0.944      36.6  100.      7120.1                                
 758.6   601.7     60       5.25      2508.4    73.2   0.929      28.3  100.      6692.0                                
 758.6   601.7     76       6.25      2027.9    74.3   0.988      21.2  100.      6211.5                                
 758.6   601.7     88       7.25      1715.5    75.3   0.965      16.8  100.      5899.1                                
 758.6   601.7    100       8.25      1435.3    69.9   0.962      13.7  100.      5618.9                                
 758.6   601.7    112       9.25      1190.2    79.3   0.988      11.6  100.      5373.8                                
 758.6   601.7    124      10.25      1007.3    78.1   0.988       8.2  100.      5190.9                                
 758.6   601.7    144      11.75       865.5    87.7   0.915       5.7  100.      5049.1                                
 758.6   601.7    164      13.25       681.9    96.3   0.954       4.4  100.      4865.5                                
## Fourier Descriptors:
!! MeanRad  1xSin   1xCos   2xSin   2xCos   3xSin   3xCos   4xSin   4xCos                                               
     5.66   -0.079   0.062   0.018   0.003   0.051   0.031  -0.008   0.024
     0.50   -0.011   0.018  -0.002   0.003  -0.000   0.000  -0.001   0.000
     0.75   -0.012   0.017  -0.003  -0.000   0.001  -0.001  -0.001  -0.000
     1.00   -0.014   0.018  -0.004  -0.003   0.002   0.001   0.000  -0.002
     1.25   -0.017   0.017  -0.006  -0.007   0.001   0.003   0.003  -0.002
     1.75   -0.027   0.035   0.004  -0.000   0.003   0.007   0.002  -0.005
     2.25   -0.030   0.044   0.008  -0.008   0.011   0.018   0.002  -0.000
     3.25   -0.036   0.061   0.000  -0.019   0.025   0.024  -0.001   0.010
     4.25   -0.063   0.083   0.027  -0.002   0.040   0.007   0.025   0.015
     5.25   -0.076   0.068   0.021   0.004   0.050   0.026  -0.004   0.027
     6.25   -0.082   0.058   0.023   0.024   0.044   0.036  -0.006   0.017
     7.25   -0.071   0.065   0.032   0.008   0.039   0.046  -0.005   0.030
     8.25   -0.083   0.063   0.032  -0.005   0.036   0.021   0.005   0.009
     9.25   -0.084   0.022   0.033   0.007   0.010   0.058  -0.001   0.021
    10.25   -0.069   0.046   0.051   0.004   0.010   0.034  -0.001   0.001
    11.75   -0.052   0.030   0.021  -0.005   0.004   0.022   0.000   0.013
    13.25   -0.067   0.015   0.011   0.033   0.013   0.020   0.009   0.009
!! NOTE: Radii values are stored on file as semi-major axis length                                                      
!!       measured in pixels but on screen as equivalent radii in arc secs.                                              
!! NOTE: Position angles are stored on file with origin upward and clockwise rotation positive.                         
## END                                                                                                                  
